Entity,Code,Year,Coal (% electricity),Gas (% electricity),Hydro (% electricity),Solar (% electricity),Wind (% electricity),Oil (% electricity),Nuclear (% electricity),Other renewables including bioenergy (% electricity)
Afghanistan,AFG,2000,0,0,65.957,0,0,34.043,0,0
Afghanistan,AFG,2001,0,0,84.746,0,0,15.254,0,0
Afghanistan,AFG,2002,0,0,81.159,0,0,18.841,0,0
Afghanistan,AFG,2003,0,0,67.021,0,0,32.979,0,0
Afghanistan,AFG,2004,0,0,62.921,0,0,37.079,0,0
Afghanistan,AFG,2005,0,0,63.441,0,0,36.559,0,0
Afghanistan,AFG,2006,0,0,76.19,0,0,23.81,0,0
Afghanistan,AFG,2007,0,0,78.947,0,0,21.053,0,0
Afghanistan,AFG,2008,0,0,73.973,0,0,26.027,0,0
Afghanistan,AFG,2009,0,0,82.979,0,0,17.021,0,0
Afghanistan,AFG,2010,0,0,79.787,0,0,20.213,0,0
Afghanistan,AFG,2011,0,0,76.923,0,0,23.077,0,0
Afghanistan,AFG,2012,0,0,80.682,3.409,0,15.909,0,0
Afghanistan,AFG,2013,0,0,77.477,2.703,0,19.82,0,0
Afghanistan,AFG,2014,0,0,83.621,2.586,0,13.793,0,0
Afghanistan,AFG,2015,0,0,84.746,2.542,0,12.712,0,0
Afghanistan,AFG,2016,0,0,84.298,3.306,0,12.397,0,0
Afghanistan,AFG,2017,0,0,82.677,3.15,0,14.173,0,0
Afghanistan,AFG,2018,0,0,79.487,3.419,0,17.094,0,0
Afghanistan,AFG,2019,0,0,79.245,3.774,0,16.981,0,0
Afghanistan,AFG,2020,0,0,73.81,4.762,0,21.429,0,0
Africa,,2000,46.279,23.068,17.721,0,0.055,9.169,3.094,0.614
Africa,,2001,45.561,23.747,18.575,0,0.105,8.959,2.452,0.599
Africa,,2002,44.375,26.121,18.043,0.004,0.093,8.225,2.594,0.545
Africa,,2003,45.334,26.367,16.838,0.004,0.126,8.146,2.61,0.575
Africa,,2004,44.581,27.953,16.794,0.004,0.151,7.112,2.771,0.633
Africa,,2005,43.333,28.77,16.561,0.004,0.155,8.217,2.285,0.676
Africa,,2006,42.772,29.688,16.458,0.005,0.156,8.466,1.803,0.652
Africa,,2007,42.349,29.838,16.11,0.007,0.202,8.73,2.16,0.605
Africa,,2008,40.702,30.672,16.127,0.008,0.218,9.466,2.15,0.658
Africa,,2009,38.903,31.175,16.569,0.012,0.285,10.412,1.943,0.702
Africa,,2010,37.546,33.044,17.083,0.064,0.37,9.162,2.012,0.719
Africa,,2011,37.661,33.49,17.061,0.077,0.375,8.598,1.997,0.741
Africa,,2012,35.717,35.123,16.549,0.096,0.351,9.571,1.838,0.754
Africa,,2013,33.874,34.874,16.879,0.107,0.513,10.961,1.966,0.826
Africa,,2014,32.469,34.875,17,0.259,0.778,11.241,2.054,1.325
Africa,,2015,31.066,35.93,16.216,0.393,1.159,12.283,1.482,1.47
Africa,,2016,30.74,36.219,15.92,0.563,1.4,11.786,2.034,1.339
Africa,,2017,30.276,38.213,16.077,0.72,1.484,10.021,1.941,1.267
Africa,,2018,30.409,38.564,16.519,0.904,1.989,9.086,1.335,1.195
Africa,,2019,29.205,38.745,16.352,0.971,2.157,9.675,1.679,1.216
Africa,,2020,28.326,38.503,17.595,1.051,2.145,9.667,1.466,1.248
Albania,ALB,1990,0,0,86.364,0,0,13.636,0,0
Albania,ALB,1991,0,0,92.147,0,0,7.853,0,0
Albania,ALB,1992,0,0,95,0,0,5,0,0
Albania,ALB,1993,0,0,93.768,0,0,6.232,0,0
Albania,ALB,1994,0,0,95.685,0,0,4.315,0,0
Albania,ALB,1995,0,0,93.96,0,0,6.04,0,0
Albania,ALB,1996,0,0,95.659,0,0,4.341,0,0
Albania,ALB,1997,0,0,96.176,0,0,3.824,0,0
Albania,ALB,1998,0,0,96.282,0,0,3.718,0,0
Albania,ALB,1999,0,0,97.417,0,0,2.583,0,0
Albania,ALB,2000,0,0,96.226,0,0,3.774,0,0
Albania,ALB,2001,0,0,95.442,0,0,4.558,0,0
Albania,ALB,2002,0,0,93.85,0,0,6.15,0,0
Albania,ALB,2003,0,0,97.8,0,0,2.2,0,0
Albania,ALB,2004,0,0,97.504,0,0,2.496,0,0
Albania,ALB,2005,0,0,98.713,0,0,1.287,0,0
Albania,ALB,2006,0,0,98.37,0,0,1.63,0,0
Albania,ALB,2007,0,0,97.552,0,0,2.448,0,0
Albania,ALB,2008,0,0,100,0,0,0,0,0
Albania,ALB,2009,0,0,100,0,0,0,0,0
Albania,ALB,2010,0,0,100,0,0,0,0,0
Albania,ALB,2011,0,0,98.568,0,0,1.432,0,0
Albania,ALB,2012,0,0,100,0,0,0,0,0
Albania,ALB,2013,0,0,100,0,0,0,0,0
Albania,ALB,2014,0,0,100,0,0,0,0,0
Albania,ALB,2015,0,0,100,0,0,0,0,0
Albania,ALB,2016,0,0,100,0,0,0,0,0
Albania,ALB,2017,0,0,100,0,0,0,0,0
Albania,ALB,2018,0,0,100,0,0,0,0,0
Albania,ALB,2019,0,0,99.615,0.385,0,0,0,0
Albania,ALB,2020,0,0,99.435,0.565,0,0,0,0
Algeria,DZA,2000,0,99.791,0.209,0,0,0,0,0
Algeria,DZA,2001,0,99.72,0.28,0,0,0,0,0
Algeria,DZA,2002,0,99.769,0.231,0,0,0,0,0
Algeria,DZA,2003,0,99.065,0.935,0,0,0,0,0
Algeria,DZA,2004,0,99.149,0.851,0,0,0,0,0
Algeria,DZA,2005,0,98.276,1.724,0,0,0,0,0
Algeria,DZA,2006,0,99.336,0.664,0,0,0,0,0
Algeria,DZA,2007,0,99.371,0.629,0,0,0,0,0
Algeria,DZA,2008,0,99.26,0.74,0,0,0,0,0
Algeria,DZA,2009,0,99.171,0.829,0,0,0,0,0
Algeria,DZA,2010,0,99.605,0.395,0,0,0,0,0
Algeria,DZA,2011,0,98.962,1.038,0,0,0,0,0
Algeria,DZA,2012,0,98.852,1.148,0,0,0,0,0
Algeria,DZA,2013,0,99.414,0.586,0,0,0,0,0
Algeria,DZA,2014,0,99.586,0.414,0,0,0,0,0
Algeria,DZA,2015,0,99.66,0.216,0.093,0.031,0,0,0
Algeria,DZA,2016,0,99.491,0.33,0.135,0.045,0,0,0
Algeria,DZA,2017,0,99.105,0.084,0.797,0.014,0,0,0
Algeria,DZA,2018,0,98.918,0.166,0.901,0.014,0,0,0
Algeria,DZA,2019,0,98.905,0.196,0.887,0.013,0,0,0
Algeria,DZA,2020,0,98.982,0.117,0.887,0.013,0,0,0
Algeria,DZA,1985,,,5.263,0,0,,0,0
Algeria,DZA,1986,,,1.926,0,0,,0,0
Algeria,DZA,1987,,,3.922,0,0,,0,0
Algeria,DZA,1988,,,1.31,0,0,,0,0
Algeria,DZA,1989,,,1.475,0,0,,0,0
Algeria,DZA,1990,,,0.838,0,0,,0,0
Algeria,DZA,1991,,,1.689,0,0,,0,0
Algeria,DZA,1992,,,1.088,0,0,,0,0
Algeria,DZA,1993,,,1.818,0,0,,0,0
Algeria,DZA,1994,,,0.835,0,0,,0,0
Algeria,DZA,1995,,,0.979,0,0,,0,0
Algeria,DZA,1996,,,0.654,0,0,,0,0
Algeria,DZA,1997,,,0.349,0,0,,0,0
Algeria,DZA,1998,,,0.924,0,0,,0,0
Algeria,DZA,1999,,,0.82,0,0,,0,0
American Samoa,ASM,2000,0,0,0,0,0,100,0,0
American Samoa,ASM,2001,0,0,0,0,0,100,0,0
American Samoa,ASM,2002,0,0,0,0,0,100,0,0
American Samoa,ASM,2003,0,0,0,0,0,100,0,0
American Samoa,ASM,2004,0,0,0,0,0,100,0,0
American Samoa,ASM,2005,0,0,0,0,0,100,0,0
American Samoa,ASM,2006,0,0,0,0,0,100,0,0
American Samoa,ASM,2007,0,0,0,0,0,100,0,0
American Samoa,ASM,2008,0,0,0,0,0,100,0,0
American Samoa,ASM,2009,0,0,0,0,0,100,0,0
American Samoa,ASM,2010,0,0,0,0,0,100,0,0
American Samoa,ASM,2011,0,0,0,0,0,100,0,0
American Samoa,ASM,2012,0,0,0,0,0,100,0,0
American Samoa,ASM,2013,0,0,0,0,0,100,0,0
American Samoa,ASM,2014,0,0,0,0,0,100,0,0
American Samoa,ASM,2015,0,0,0,0,0,100,0,0
American Samoa,ASM,2016,0,0,0,0,0,100,0,0
American Samoa,ASM,2017,0,0,0,0,0,100,0,0
American Samoa,ASM,2018,0,0,0,0,0,100,0,0
American Samoa,ASM,2019,0,0,0,0,0,100,0,0
American Samoa,ASM,2020,0,0,0,0,0,100,0,0
Angola,AGO,2000,0,0,64.286,0,0,35.714,0,0
Angola,AGO,2001,0,0,63.522,0,0,36.478,0,0
Angola,AGO,2002,0,0,66.082,0,0,33.918,0,0
Angola,AGO,2003,0,0,63.402,0,0,36.598,0,0
Angola,AGO,2004,0,0,79.358,0,0,20.642,0,0
Angola,AGO,2005,0,0,80.586,0,0,19.414,0,0
Angola,AGO,2006,0,0,81.481,0,0,18.519,0,0
Angola,AGO,2007,0,0,78.413,0,0,21.587,0,0
Angola,AGO,2008,0,0,76.355,0,0,23.645,0,0
Angola,AGO,2009,0,0,66.522,0,0,33.478,0,0
Angola,AGO,2010,0,0,68.985,0.188,0,30.827,0,0
Angola,AGO,2011,0,0,71.79,0.181,0,28.029,0,0
Angola,AGO,2012,0,0,61.857,0.166,0,37.977,0,0
Angola,AGO,2013,0,0,59.222,0.125,0,40.652,0,0
Angola,AGO,2014,0,0,54.121,0.217,0,33.297,0,12.364
Angola,AGO,2015,0,0,54.135,0.215,0,33.298,0,12.352
Angola,AGO,2016,0,0,56.415,0.196,0,31.636,0,11.753
Angola,AGO,2017,0,22.868,71.04,0.187,0,4.311,0,1.593
Angola,AGO,2018,0,20.513,73.932,0.171,0,3.932,0,1.453
Angola,AGO,2019,0,26.401,66.593,0.147,0,5.015,0,1.844
Angola,AGO,2020,0,24.504,68.994,0.137,0,4.654,0,1.711
Antigua and Barbuda,ATG,2000,0,0,0,0,0,100,0,0
Antigua and Barbuda,ATG,2001,0,0,0,0,0,100,0,0
Antigua and Barbuda,ATG,2002,0,0,0,0,0,100,0,0
Antigua and Barbuda,ATG,2003,0,0,0,0,0,100,0,0
Antigua and Barbuda,ATG,2004,0,0,0,0,0,100,0,0
Antigua and Barbuda,ATG,2005,0,0,0,0,0,100,0,0
Antigua and Barbuda,ATG,2006,0,0,0,0,0,100,0,0
Antigua and Barbuda,ATG,2007,0,0,0,0,0,100,0,0
Antigua and Barbuda,ATG,2008,0,0,0,0,0,100,0,0
Antigua and Barbuda,ATG,2009,0,0,0,0,0,100,0,0
Antigua and Barbuda,ATG,2010,0,0,0,0,0,100,0,0
Antigua and Barbuda,ATG,2011,0,0,0,0,0,100,0,0
Antigua and Barbuda,ATG,2012,0,0,0,0,0,100,0,0
Antigua and Barbuda,ATG,2013,0,0,0,0,0,100,0,0
Antigua and Barbuda,ATG,2014,0,0,0,0,0,100,0,0
Antigua and Barbuda,ATG,2015,0,0,0,3.03,0,96.97,0,0
Antigua and Barbuda,ATG,2016,0,0,0,3.03,0,96.97,0,0
Antigua and Barbuda,ATG,2017,0,0,0,3.03,0,96.97,0,0
Antigua and Barbuda,ATG,2018,0,0,0,3.03,0,96.97,0,0
Antigua and Barbuda,ATG,2019,0,0,0,2.941,0,97.059,0,0
Antigua and Barbuda,ATG,2020,0,0,0,2.941,0,97.059,0,0
Argentina,ARG,1985,1.34,27.512,45.572,0,0,12.595,12.727,0.228
Argentina,ARG,1986,2.066,27.071,42.856,0,0,16.103,11.65,0.218
Argentina,ARG,1987,1.95,24.097,41.909,0,0,19.338,12.405,0.208
Argentina,ARG,1988,3.021,39.153,28.635,0,0,16.448,11.044,0.231
Argentina,ARG,1989,1.701,47.79,25.49,0,0,14.164,9.907,0.235
Argentina,ARG,1990,1.294,38.912,35.048,0,0,9.693,14.275,0.209
Argentina,ARG,1991,1.719,39.036,30.12,0,0,14.147,14.402,0.185
Argentina,ARG,1992,1.486,36.396,35.252,0,0,13.654,12.621,0.182
Argentina,ARG,1993,1.907,36.027,38.073,0,0,10.818,12.527,0.174
Argentina,ARG,1994,3.578,33.649,42.627,0,0,6.944,12.549,0.182
Argentina,ARG,1995,2.841,37.044,42.368,0,0,6.826,10.52,0.172
Argentina,ARG,1996,2.748,42.115,37.192,0,0.014,6.628,10.692,0.504
Argentina,ARG,1997,2.617,37.129,45.582,0,0.02,2.818,10.986,0.615
Argentina,ARG,1998,2.438,37.779,43.713,0,0.044,5.137,10.049,0.625
Argentina,ARG,1999,2.608,49.798,32.857,0,0.043,4.745,8.801,0.806
Argentina,ARG,2000,2.182,52.979,33.415,0,0.047,3.53,7.026,0.821
Argentina,ARG,2001,1.653,46.393,42.37,0,0.058,1.225,7.561,0.74
Argentina,ARG,2002,1.084,46.309,43.734,0,0.086,1.01,6.642,1.134
Argentina,ARG,2003,1.112,50.437,37.978,0,0.091,1.203,7.977,1.203
Argentina,ARG,2004,1.797,53.715,31.498,0,0.073,4.316,7.639,0.961
Argentina,ARG,2005,2.221,51.076,33.37,0,0.079,5.849,6.315,1.091
Argentina,ARG,2006,1.93,48.577,33.722,0,0.063,7.773,6.418,1.517
Argentina,ARG,2007,2.291,52.183,27.115,0,0.054,10.752,6.062,1.542
Argentina,ARG,2008,1.708,51.904,26.24,0,0.035,12.654,5.969,1.49
Argentina,ARG,2009,1.556,48.869,28.828,0,0.034,12.656,6.526,1.53
Argentina,ARG,2010,2.583,48.182,27.602,0,0.025,14.286,5.592,1.73
Argentina,ARG,2011,2.452,49.605,25.279,0,0.049,15.976,4.798,1.841
Argentina,ARG,2012,2.09,53.264,22.311,0.008,0.637,15.169,4.585,1.935
Argentina,ARG,2013,1.829,50.593,24.571,0.008,0.763,16.015,4.331,1.89
Argentina,ARG,2014,1.991,52.241,24.563,0.015,0.471,14.922,3.996,1.801
Argentina,ARG,2015,1.8,51.531,23.179,0.007,0.428,16.531,4.731,1.792
Argentina,ARG,2016,1.421,54.908,21.096,0.007,0.395,15.22,5.511,1.442
Argentina,ARG,2017,1.585,60.495,22.762,0.014,0.441,8.776,4.139,1.787
Argentina,ARG,2018,1.506,64.561,22.914,0.079,1.011,4.954,4.624,0.351
Argentina,ARG,2019,0.898,65.22,20.633,0.604,3.775,2.393,5.987,0.491
Argentina,ARG,2020,1.834,59.685,17.587,0.979,6.822,5.524,7.257,0.312
Argentina,ARG,2021,2.893,60.522,13.189,1.512,8.907,5.436,6.99,0.55
Armenia,ARM,2000,0,45.018,22.242,0,0,0,32.74,0
Armenia,ARM,2001,0,47.038,17.235,0,0,0,35.727,0
Armenia,ARM,2002,0,28.407,31.478,0,0,0,40.115,0
Armenia,ARM,2003,0,27.447,37.62,0,0,0,34.933,0
Armenia,ARM,2004,0,29.153,33.559,0,0,0,37.288,0
Armenia,ARM,2005,0,28.811,29.313,0,0,0,41.876,0
Armenia,ARM,2006,0,24.733,32.206,0,0,0,43.06,0
Armenia,ARM,2007,0,25.09,32.796,0,0,0,42.115,0
Armenia,ARM,2008,0,25.96,32.541,0,0,0,41.499,0
Armenia,ARM,2009,0,20.112,37.244,0,0,0,42.644,0
Armenia,ARM,2010,0,21.845,40.939,0,0.162,0,37.055,0
Armenia,ARM,2011,0,31.825,34.795,0,0,0,33.38,0
Armenia,ARM,2012,0,41.919,30.223,0,0,0,27.858,0
Armenia,ARM,2013,0,40.822,29.452,0,0,0,29.726,0
Armenia,ARM,2014,0,42.156,26.876,0,0,0,30.969,0
Armenia,ARM,2015,0,35.637,29.539,0,0,0,34.824,0
Armenia,ARM,2016,0,34.87,33.573,0,0,0,31.556,0
Armenia,ARM,2017,0,36.685,30.571,0,0,0,32.745,0
Armenia,ARM,2018,0,42.954,31.03,0.271,0,0,25.745,0
Armenia,ARM,2019,0,39.394,32.369,0.275,0,0,27.961,0
Armenia,ARM,2020,0,40.574,24.317,0.273,0,0,34.836,0
Armenia,ARM,2021,0,40.217,24.457,0.272,0,0,35.054,0
Aruba,ABW,2000,0,0,0,0,0,100,0,0
Aruba,ABW,2001,0,0,0,0,0,100,0,0
Aruba,ABW,2002,0,0,0,0,0,100,0,0
Aruba,ABW,2003,0,0,0,0,0,100,0,0
Aruba,ABW,2004,0,0,0,0,0,100,0,0
Aruba,ABW,2005,0,0,0,0,0,100,0,0
Aruba,ABW,2006,0,0,0,0,0,100,0,0
Aruba,ABW,2007,0,0,0,0,0,100,0,0
Aruba,ABW,2008,0,0,0,0,0,100,0,0
Aruba,ABW,2009,0,0,0,0,3.333,96.667,0,0
Aruba,ABW,2010,0,0,0,0,12.36,87.64,0,0
Aruba,ABW,2011,0,0,0,0,12.5,87.5,0,0
Aruba,ABW,2012,0,0,0,0,16.092,83.908,0,0
Aruba,ABW,2013,0,0,0,0,16.854,83.146,0,0
Aruba,ABW,2014,0,0,0,1.124,16.854,82.022,0,0
Aruba,ABW,2015,0,0,0,1.075,18.28,80.645,0,0
Aruba,ABW,2016,0,0,0,1.111,14.444,84.444,0,0
Aruba,ABW,2017,0,0,0,1.075,13.978,84.946,0,0
Aruba,ABW,2018,0,0,0,1.099,15.385,83.516,0,0
Aruba,ABW,2019,0,0,0,1.087,15.217,83.696,0,0
Aruba,ABW,2020,0,0,0,1.087,15.217,83.696,0,0
Asia,,2000,44.365,19.901,12.239,0.008,0.051,11.741,10.37,1.325
Asia,,2001,45.26,20.197,12.696,0.011,0.066,10.481,10.001,1.288
Asia,,2002,46.487,20.453,12.283,0.015,0.067,10.168,9.287,1.242
Asia,,2003,48.545,20.337,11.949,0.018,0.082,9.712,8.168,1.19
Asia,,2004,48.762,19.747,12.809,0.022,0.132,9.036,8.368,1.124
Asia,,2005,50.285,19.275,12.524,0.025,0.155,8.395,8.2,1.14
Asia,,2006,51.665,19.067,12.578,0.028,0.228,7.515,7.799,1.12
Asia,,2007,53.272,19.104,12.076,0.03,0.276,7.238,6.883,1.121
Asia,,2008,52.887,18.968,13.353,0.036,0.412,6.73,6.482,1.133
Asia,,2009,53.923,19.233,12.56,0.046,0.617,5.891,6.516,1.213
Asia,,2010,53.597,19.627,12.995,0.059,0.859,5.377,6.222,1.263
Asia,,2011,55.219,19.255,12.231,0.1,1.127,5.994,4.801,1.273
Asia,,2012,54.964,19.322,13.467,0.145,1.416,6.057,3.336,1.293
Asia,,2013,55.935,18.597,13.489,0.268,1.72,5.466,3.171,1.354
Asia,,2014,55.315,18.954,14.016,0.51,1.862,4.657,3.241,1.445
Asia,,2015,53.843,19.083,14.454,0.789,2.092,4.551,3.609,1.578
Asia,,2016,53.353,19.11,14.286,1.158,2.594,4.125,3.795,1.579
Asia,,2017,53.487,18.936,13.909,1.707,3.076,3.436,3.741,1.709
Asia,,2018,53.969,17.605,13.485,2.292,3.457,3.297,4.105,1.79
Asia,,2019,53.024,17.148,13.735,2.8,3.683,3.037,4.622,1.951
Asia,,2020,52.288,16.868,13.863,3.281,4.096,2.781,4.652,2.17
Asia,,1985,,,15.875,0,0,,11.103,0.986
Asia,,1986,,,15.178,0,0,,11.292,0.974
Asia,,1987,,,14.451,0,0,,12.238,0.91
Asia,,1988,,,15.362,0,0,,10.756,0.917
Asia,,1989,,,14.754,0,0,,10.575,0.925
Asia,,1990,,,14.407,0,0.001,,10.609,0.702
Asia,,1991,,,13.847,0,0.004,,10.727,0.679
Asia,,1992,,,13.193,0.001,0.007,,10.39,0.649
Asia,,1993,,,14.037,0.001,0.01,,10.924,0.61
Asia,,1994,,,12.812,0.001,0.017,,10.799,0.668
Asia,,1995,,,13.196,0.001,0.03,,11.15,0.752
Asia,,1996,,,12.467,0.002,0.025,,11.166,0.728
Asia,,1997,,,11.967,0.003,0.029,,11.355,0.78
Asia,,1998,,,12.371,0.004,0.035,,11.452,0.807
Asia,,1999,,,11.379,0.006,0.046,,11.114,0.845
Asia Pacific,,1985,37.787,10.356,18.566,0,0,19.274,12.179,1.206
Asia Pacific,,1986,39.395,10.351,18.074,0,0,17.798,12.456,1.195
Asia Pacific,,1987,40.713,10.719,16.581,0,0,16.599,13.527,1.116
Asia Pacific,,1988,41.021,10.673,17.035,0,0,17.624,11.815,1.122
Asia Pacific,,1989,41.31,10.559,16.962,0,0,17.733,11.61,1.147
Asia Pacific,,1990,40.728,10.96,16.172,0,0.001,19.052,11.63,0.905
Asia Pacific,,1991,42.069,11.146,15.577,0,0.005,18.125,11.616,0.867
Asia Pacific,,1992,43.837,11.292,14.444,0.001,0.008,17.724,11.309,0.828
Asia Pacific,,1993,44.213,11.191,15.087,0.001,0.011,16.1,11.94,0.785
Asia Pacific,,1994,45.247,11.494,13.959,0.002,0.018,16.128,11.716,0.83
Asia Pacific,,1995,45.594,11.99,14.238,0.002,0.033,14.509,12.081,0.91
Asia Pacific,,1996,47.187,12.414,13.256,0.003,0.028,13.527,12.076,0.881
Asia Pacific,,1997,47.527,13.594,12.716,0.004,0.032,12.262,12.277,0.934
Asia Pacific,,1998,47.872,13.844,13.163,0.005,0.039,11.04,12.428,0.975
Asia Pacific,,1999,49.256,14.289,12.385,0.007,0.051,10.359,12.044,1.02
Asia Pacific,,2000,50.685,13.989,12.172,0.01,0.06,9.796,11.668,1.041
Asia Pacific,,2001,51.514,14.263,12.739,0.014,0.079,8.52,11.313,1.01
Asia Pacific,,2002,52.624,14.491,12.156,0.017,0.085,8.19,10.904,0.988
Asia Pacific,,2003,55.2,14.82,11.657,0.022,0.105,7.654,9.062,0.966
Asia Pacific,,2004,55.119,14.378,12.557,0.026,0.165,6.906,9.523,0.952
Asia Pacific,,2005,56.853,13.729,12.191,0.031,0.201,6.412,9.263,1.008
Asia Pacific,,2006,58.256,13.641,12.416,0.035,0.288,5.275,8.796,0.999
Asia Pacific,,2007,59.703,13.612,12.148,0.039,0.351,5.081,7.766,1.014
Asia Pacific,,2008,58.996,13.776,13.664,0.046,0.494,4.466,7.243,1.081
Asia Pacific,,2009,60.399,13.869,12.844,0.058,0.728,3.367,7.342,1.158
Asia Pacific,,2010,59.729,14.099,13.292,0.082,0.987,3.055,7.059,1.204
Asia Pacific,,2011,61.343,13.979,12.594,0.137,1.279,3.518,5.444,1.225
Asia Pacific,,2012,61.011,14.22,13.601,0.189,1.592,3.972,3.696,1.268
Asia Pacific,,2013,62.016,13.426,13.935,0.329,1.921,3.11,3.507,1.32
Asia Pacific,,2014,61.328,13.235,14.728,0.608,2.074,2.57,3.594,1.433
Asia Pacific,,2015,60.089,13.212,15.005,0.914,2.33,2.411,4.023,1.587
Asia Pacific,,2016,59.12,12.83,14.872,1.293,2.843,2.208,4.272,1.561
Asia Pacific,,2017,59.088,12.443,14.447,1.9,3.346,1.816,4.266,1.707
Asia Pacific,,2018,59.226,11.984,13.874,2.505,3.744,1.445,4.486,1.798
Asia Pacific,,2019,58.058,11.75,14.06,3.077,3.998,1.139,5.077,1.945
Asia Pacific,,2020,57.173,11.277,14.298,3.64,4.432,0.958,5.068,2.16
Australia,AUS,1985,72.266,9.3,11.272,0,0,3.774,0,0.369
Australia,AUS,1986,71.481,10.642,10.828,0,0,2.911,0,0.355
Australia,AUS,1987,73.886,10.3,10.024,0,0,2.061,0,0.346
Australia,AUS,1988,73.931,10.265,9.998,0,0,1.705,0,0.51
Australia,AUS,1989,74.99,9.99,9.413,0,0,1.997,0,0.535
Australia,AUS,1990,79.255,8.073,9.482,0,0,2.232,0,0.488
Australia,AUS,1991,80.539,7.092,9.91,0.003,0,1.823,0,0.455
Australia,AUS,1992,80.546,7.413,9.877,0.007,0,1.482,0,0.415
Australia,AUS,1993,80.587,7.405,9.909,0.009,0.001,1.433,0,0.405
Australia,AUS,1994,80.458,7.967,9.492,0.01,0.003,1.486,0,0.409
Australia,AUS,1995,81.002,7.807,8.921,0.012,0.004,1.582,0,0.471
Australia,AUS,1996,82.403,6.626,8.865,0.014,0.004,1.382,0,0.525
Australia,AUS,1997,83.329,6.445,8.441,0.016,0.004,1.057,0,0.528
Australia,AUS,1998,83.193,7.253,7.92,0.018,0.009,0.89,0,0.542
Australia,AUS,1999,82.727,7.793,7.869,0.02,0.021,0.849,0,0.548
Australia,AUS,2000,82.792,7.696,8.175,0.02,0.03,0.878,0,0.409
Australia,AUS,2001,79.904,10.882,7.746,0.019,0.099,0.997,0,0.354
Australia,AUS,2002,77.26,13.735,7.324,0.023,0.168,0.922,0,0.568
Australia,AUS,2003,77.246,13.416,7.55,0.028,0.328,0.679,0,0.754
Australia,AUS,2004,78.388,11.983,7.123,0.031,0.314,0.928,0,1.233
Australia,AUS,2005,79.462,10.102,7.028,0.037,0.408,1.28,0,1.683
Australia,AUS,2006,77.705,11.414,7.171,0.041,0.778,1.246,0,1.646
Australia,AUS,2007,75.81,13.65,6.187,0.048,1.137,1.42,0,1.747
Australia,AUS,2008,75.535,14.886,5.136,0.057,1.346,1.525,0,1.516
Australia,AUS,2009,74.132,16.747,4.976,0.068,1.623,1.321,0,1.133
Australia,AUS,2010,70.97,18.865,5.654,0.163,2.115,1.248,0,0.984
Australia,AUS,2011,68.363,19.39,6.952,0.579,2.537,1.154,0,1.025
Australia,AUS,2012,67.227,20.248,5.89,0.982,2.936,1.458,0,1.26
Australia,AUS,2013,62.892,21.331,7.67,1.473,3.37,1.918,0,1.346
Australia,AUS,2014,61.217,21.16,7.815,1.709,4.367,2.335,0,1.398
Australia,AUS,2015,63.991,19.612,5.591,2.107,4.815,2.431,0,1.452
Australia,AUS,2016,63.708,18.876,6.178,2.554,5.018,2.242,0,1.423
Australia,AUS,2017,60.645,20.987,6.554,3.298,5.149,2.01,0,1.357
Australia,AUS,2018,60.37,19.845,6.388,4.007,6.117,1.888,0,1.384
Australia,AUS,2019,56.629,21.054,6.21,5.934,7.077,1.786,0,1.311
Australia,AUS,2020,53.787,19.993,6.223,8.639,8.38,1.697,0,1.282
Australia,AUS,2021,50.81,17.761,6.731,11.787,9.941,1.708,0,1.263
Austria,AUT,1990,12.556,15.659,63.915,0,0,5.578,0,2.292
Austria,AUT,1991,13.631,14.886,62.654,0,0,6.417,0,2.411
Austria,AUT,1992,8.228,13.293,69.77,0,0,6.086,0,2.623
Austria,AUT,1993,5.801,13.218,71.462,0,0,6.911,0,2.609
Austria,AUT,1994,5.949,16.58,68.528,0,0,6.659,0,2.284
Austria,AUT,1995,7.829,16.147,67.18,0,0,5.509,0,3.335
Austria,AUT,1996,9.856,17.547,63.879,0,0,5.787,0,2.931
Austria,AUT,1997,10.471,15.212,64.853,0,0.036,6.394,0,3.035
Austria,AUT,1998,7.386,15.862,66.452,0,0.089,6.956,0,3.255
Austria,AUT,1999,7.377,15.504,67.924,0,0.083,6.442,0,2.67
Austria,AUT,2000,9.557,13.116,69.908,0,0.117,4.745,0,2.556
Austria,AUT,2001,11.284,14.33,66.263,0.016,0.164,5.208,0,2.735
Austria,AUT,2002,10.891,15.34,66.288,0.016,0.231,4.729,0,2.505
Austria,AUT,2003,14.537,19.221,57.199,0.017,0.637,5.546,0,2.842
Austria,AUT,2004,12.772,17.681,59.357,0.032,1.502,5.571,0,3.084
Austria,AUT,2005,11.118,20.205,57.528,0.031,2.062,5.288,0,3.768
Austria,AUT,2006,11.834,17.132,57.258,0.032,2.81,5.748,0,5.186
Austria,AUT,2007,10.491,15.737,58.894,0.032,3.243,5.15,0,6.454
Austria,AUT,2008,8.574,17.333,59.426,0.047,3.116,5.054,0,6.45
Austria,AUT,2009,5.671,18.612,61.689,0.075,2.941,4.555,0,6.456
Austria,AUT,2010,7.245,21.131,56.487,0.133,3.033,5.375,0,6.597
Austria,AUT,2011,8.721,19.981,54.995,0.273,3.116,5.589,0,7.324
Austria,AUT,2012,6.39,14.134,63.828,0.495,3.581,4.76,0,6.812
Austria,AUT,2013,6.518,10.296,65.057,0.975,4.877,5.001,0,7.277
Austria,AUT,2014,4.771,8.634,66.553,1.282,6.248,5.128,0,7.384
Austria,AUT,2015,4.77,12.385,60.081,1.52,7.825,5.901,0,7.518
Austria,AUT,2016,3.126,13.011,61.257,1.686,8.015,5.579,0,7.326
Austria,AUT,2017,2.611,16.182,56.793,1.884,9.745,5.488,0,7.298
Austria,AUT,2018,2.783,15.252,57.872,2.245,9.271,4.997,0,7.58
Austria,AUT,2019,2.117,15.975,57.621,2.399,10.514,4.798,0,6.576
Austria,AUT,2020,0.809,14.381,60.702,2.948,9.814,4.712,0,6.634
Austria,AUT,2021,0.333,15.461,59.879,3.011,9.834,4.932,0,6.551
Austria,AUT,1985,,,69.103,0,0,,0,0
Austria,AUT,1986,,,69.209,0,0,,0,2.883
Austria,AUT,1987,,,70.05,0,0,,0,1.793
Austria,AUT,1988,,,72.014,0,0,,0,2.136
Austria,AUT,1989,,,69.922,0,0,,0,2.201
Azerbaijan,AZE,2000,0,46.716,8.607,0,0,44.677,0,0
Azerbaijan,AZE,2001,0,47.43,7.207,0,0,45.363,0,0
Azerbaijan,AZE,2002,0,48.836,10.828,0,0,40.336,0,0
Azerbaijan,AZE,2003,0,48.137,12.121,0,0,39.742,0,0
Azerbaijan,AZE,2004,0,47.487,13.324,0,0,39.19,0,0
Azerbaijan,AZE,2005,0,46.667,14.826,0,0,38.507,0,0
Azerbaijan,AZE,2006,0,48.678,11.161,0,0,40.161,0,0
Azerbaijan,AZE,2007,0,48.571,11.332,0,0,40.097,0,0
Azerbaijan,AZE,2008,0,48.876,10.802,0,0,40.323,0,0
Azerbaijan,AZE,2009,0,51.317,12.829,0,0,35.854,0,0
Azerbaijan,AZE,2010,0,47.549,19.211,0,0,33.239,0,0
Azerbaijan,AZE,2011,0,50.755,13.795,0,0,35.45,0,0
Azerbaijan,AZE,2012,0,53.963,8.295,0,0,37.742,0,0
Azerbaijan,AZE,2013,0,59.464,6.673,0,0,33.863,0,0
Azerbaijan,AZE,2014,0,60.189,5.534,0,0,34.277,0,0
Azerbaijan,AZE,2015,0,59.278,6.959,0,0,33.763,0,0
Azerbaijan,AZE,2016,0,58.294,8.231,0.17,0.085,33.22,0,0
Azerbaijan,AZE,2017,0,58.754,7.535,0.174,0.087,33.449,0,0
Azerbaijan,AZE,2018,0,58.715,7.35,0.168,0.336,33.431,0,0
Azerbaijan,AZE,2019,0,61.26,6.301,0.163,0.407,31.87,0,0
Azerbaijan,AZE,2020,0,62.72,4.087,0.191,0.382,32.62,0,0
Azerbaijan,AZE,2021,0,62.712,4.176,0.185,0.37,32.557,0,0
Azerbaijan,AZE,1985,,,6.34,0,0,,0,0
Azerbaijan,AZE,1986,,,3.734,0,0,,0,0
Azerbaijan,AZE,1987,,,3.511,0,0,,0,0
Azerbaijan,AZE,1988,,,2.962,0,0,,0,0
Azerbaijan,AZE,1989,,,2.997,0,0,,0,0
Azerbaijan,AZE,1990,,,7.161,0,0,,0,0
Azerbaijan,AZE,1991,,,7.503,0,0,,0,0
Azerbaijan,AZE,1992,,,8.841,0,0,,0,0
Azerbaijan,AZE,1993,,,12.734,0,0,,0,0
Azerbaijan,AZE,1994,,,10.415,0,0,,0,0
Azerbaijan,AZE,1995,,,9.129,0,0,,0,0
Azerbaijan,AZE,1996,,,8.996,0,0,,0,0
Azerbaijan,AZE,1997,,,10.169,0,0,,0,0
Azerbaijan,AZE,1998,,,10.842,0,0,,0,0
Azerbaijan,AZE,1999,,,8.286,0,0,,0,0
Bahamas,BHS,2000,0,0,0,0,0,100,0,0
Bahamas,BHS,2001,0,0,0,0,0,100,0,0
Bahamas,BHS,2002,0,0,0,0,0,100,0,0
Bahamas,BHS,2003,0,0,0,0,0,100,0,0
Bahamas,BHS,2004,0,0,0,0,0,100,0,0
Bahamas,BHS,2005,0,0,0,0,0,100,0,0
Bahamas,BHS,2006,0,0,0,0,0,100,0,0
Bahamas,BHS,2007,0,0,0,0,0,100,0,0
Bahamas,BHS,2008,0,0,0,0,0,100,0,0
Bahamas,BHS,2009,0,0,0,0,0,100,0,0
Bahamas,BHS,2010,0,0,0,0,0,100,0,0
Bahamas,BHS,2011,0,0,0,0,0,100,0,0
Bahamas,BHS,2012,0,0,0,0,0,100,0,0
Bahamas,BHS,2013,0,0,0,0,0,100,0,0
Bahamas,BHS,2014,0,0,0,0,0,100,0,0
Bahamas,BHS,2015,0,0,0,0,0,100,0,0
Bahamas,BHS,2016,0,0,0,0,0,100,0,0
Bahamas,BHS,2017,0,0,0,0,0,100,0,0
Bahamas,BHS,2018,0,0,0,0,0,100,0,0
Bahamas,BHS,2019,0,0,0,0,0,100,0,0
Bahamas,BHS,2020,0,0,0,0,0,100,0,0
Bahrain,BHR,2000,0,99.693,0,0,0,0.307,0,0
Bahrain,BHR,2001,0,99.709,0,0,0,0.291,0,0
Bahrain,BHR,2002,0,99.721,0,0,0,0.279,0,0
Bahrain,BHR,2003,0,99.729,0,0,0,0.271,0,0
Bahrain,BHR,2004,0,99.671,0,0,0,0.329,0,0
Bahrain,BHR,2005,0,99.78,0,0,0,0.22,0,0
Bahrain,BHR,2006,0,99.798,0,0,0,0.202,0,0
Bahrain,BHR,2007,0,99.804,0,0,0,0.196,0,0
Bahrain,BHR,2008,0,99.814,0,0,0,0.186,0,0
Bahrain,BHR,2009,0,99.811,0,0,0,0.189,0,0
Bahrain,BHR,2010,0,99.866,0,0,0,0.134,0,0
Bahrain,BHR,2011,0,99.869,0,0,0,0.131,0,0
Bahrain,BHR,2012,0,99.871,0,0,0,0.129,0,0
Bahrain,BHR,2013,0,99.877,0,0,0,0.123,0,0
Bahrain,BHR,2014,0,99.805,0,0.039,0,0.156,0,0
Bahrain,BHR,2015,0,99.813,0,0.037,0,0.149,0,0
Bahrain,BHR,2016,0,99.814,0,0.037,0,0.149,0,0
Bahrain,BHR,2017,0,99.818,0,0.036,0,0.146,0,0
Bahrain,BHR,2018,0,99.82,0,0.036,0,0.144,0,0
Bahrain,BHR,2019,0,99.873,0,0.032,0,0.095,0,0
Bahrain,BHR,2020,0,99.873,0,0.032,0,0.095,0,0
Bangladesh,BGD,2000,0,40.282,6.321,0,0,53.396,0,0
Bangladesh,BGD,2001,0,46.431,5.979,0,0,47.59,0,0
Bangladesh,BGD,2002,0,51.136,5.966,0,0,42.898,0,0
Bangladesh,BGD,2003,0,51.103,6.025,0,0,42.873,0,0
Bangladesh,BGD,2004,0,51.548,5.202,0,0,43.25,0,0
Bangladesh,BGD,2005,0,52.615,5.033,0,0,42.352,0,0
Bangladesh,BGD,2006,4.855,50.085,4.718,0.034,0,40.308,0,0
Bangladesh,BGD,2007,4.759,53.098,2.533,0.068,0,39.541,0,0
Bangladesh,BGD,2008,4.734,52.908,2.908,0.062,0,39.387,0,0
Bangladesh,BGD,2009,4.819,53.807,1.255,0.086,0,40.034,0,0
Bangladesh,BGD,2010,4.547,55.443,1.975,0.182,0,37.828,0,0.026
Bangladesh,BGD,2011,4.249,55.329,2.208,0.144,0,38.046,0,0.024
Bangladesh,BGD,2012,3.826,55.531,1.793,0,0,38.806,0,0.044
Bangladesh,BGD,2013,3.458,59.165,1.879,0.28,0,35.179,0,0.04
Bangladesh,BGD,2014,3.385,60.753,1.179,0.323,0,34.303,0,0.057
Bangladesh,BGD,2015,2.806,67.23,1.061,0.378,0.018,28.453,0,0.054
Bangladesh,BGD,2016,2.56,69.283,1.557,0.355,0.015,26.184,0,0.046
Bangladesh,BGD,2017,2.263,72.624,1.494,0.392,0.015,23.168,0,0.044
Bangladesh,BGD,2018,4.325,72.709,1.46,0.392,0.014,21.06,0,0.041
Bangladesh,BGD,2019,3.92,75.402,1.03,0.465,0.013,19.133,0,0.038
Bangladesh,BGD,2020,7.308,71.243,0.761,0.524,0.012,20.115,0,0.037
Bangladesh,BGD,2021,7.266,66.798,0.591,0.714,0.012,24.581,0,0.037
Bangladesh,BGD,1985,,,16.321,0,0,,0,0
Bangladesh,BGD,1986,,,9.375,0,0,,0,0
Bangladesh,BGD,1987,,,9.254,0,0,,0,0
Bangladesh,BGD,1988,,,10.32,0,0,,0,0
Bangladesh,BGD,1989,,,12.93,0,0,,0,0
Bangladesh,BGD,1990,,,11.433,0,0,,0,0
Bangladesh,BGD,1991,,,10.133,0,0,,0,0
Bangladesh,BGD,1992,,,8.95,0,0,,0,0
Bangladesh,BGD,1993,,,6.604,0,0,,0,0
Bangladesh,BGD,1994,,,8.657,0,0,,0,0
Bangladesh,BGD,1995,,,3.443,0,0,,0,0
Bangladesh,BGD,1996,,,6.441,0,0,,0,0
Bangladesh,BGD,1997,,,6.063,0,0,,0,0
Bangladesh,BGD,1998,,,6.715,0,0,,0,0
Bangladesh,BGD,1999,,,5.765,0,0,,0,0
Barbados,BRB,2000,0,0,0,0,0,100,0,0
Barbados,BRB,2001,0,0,0,0,0,100,0,0
Barbados,BRB,2002,0,0,0,0,0,100,0,0
Barbados,BRB,2003,0,0,0,0,0,100,0,0
Barbados,BRB,2004,0,0,0,0,0,100,0,0
Barbados,BRB,2005,0,0,0,0,0,100,0,0
Barbados,BRB,2006,0,0,0,0,0,100,0,0
Barbados,BRB,2007,0,0,0,0,0,100,0,0
Barbados,BRB,2008,0,0,0,0,0,100,0,0
Barbados,BRB,2009,0,0,0,0,0,100,0,0
Barbados,BRB,2010,0,0,0,0,0,100,0,0
Barbados,BRB,2011,0,0,0,0,0,100,0,0
Barbados,BRB,2012,0,0,0,0,0,100,0,0
Barbados,BRB,2013,0,0,0,0,0,100,0,0
Barbados,BRB,2014,0,0,0,1.031,0,98.969,0,0
Barbados,BRB,2015,0,0,0,1.02,0,98.98,0,0
Barbados,BRB,2016,0,0,0,2.97,0,97.03,0,0
Barbados,BRB,2017,0,0,0,2.97,0,97.03,0,0
Barbados,BRB,2018,0,0,0,3.96,0,96.04,0,0
Barbados,BRB,2019,0,0,0,3.922,0,96.078,0,0
Barbados,BRB,2020,0,0,0,3.922,0,96.078,0,0
Belarus,BLR,2000,0,99.878,0.122,0,0,0,0,0
Belarus,BLR,2001,0,99.873,0.127,0,0,0,0,0
Belarus,BLR,2002,0,99.879,0.121,0,0,0,0,0
Belarus,BLR,2003,0,99.88,0.12,0,0,0,0,0
Belarus,BLR,2004,0,99.898,0.102,0,0,0,0,0
Belarus,BLR,2005,0,99.863,0.137,0,0,0,0,0
Belarus,BLR,2006,0,99.799,0.134,0,0,0,0,0.067
Belarus,BLR,2007,0,99.766,0.134,0,0,0,0,0.1
Belarus,BLR,2008,0,99.666,0.122,0,0,0,0,0.213
Belarus,BLR,2009,0,99.649,0.14,0,0,0,0,0.211
Belarus,BLR,2010,0,99.634,0.152,0,0,0,0,0.213
Belarus,BLR,2011,0,99.604,0.132,0,0,0,0,0.264
Belarus,BLR,2012,0,99.482,0.242,0,0.035,0,0,0.242
Belarus,BLR,2013,0,99.022,0.472,0,0.034,0,0,0.472
Belarus,BLR,2014,0,99.174,0.367,0,0.031,0,0,0.429
Belarus,BLR,2015,0,99.127,0.343,0.031,0.094,0,0,0.405
Belarus,BLR,2016,0,98.733,0.443,0.095,0.253,0,0,0.475
Belarus,BLR,2017,0,97.722,1.231,0.277,0.308,0,0,0.462
Belarus,BLR,2018,0,97.793,0.872,0.49,0.272,0,0,0.572
Belarus,BLR,2019,0,97.534,0.902,0.477,0.477,0,0,0.61
Belarus,BLR,2020,0,95.562,1.082,0.472,0.527,0,0.943,1.415
Belarus,BLR,2021,0,95.705,1.028,0.501,0.527,0,0.896,1.344
Belarus,BLR,1985,,,0.06,0,0,,0,0
Belarus,BLR,1986,,,0.055,0,0,,0,0
Belarus,BLR,1987,,,0.053,0,0,,0,0
Belarus,BLR,1988,,,0.052,0,0,,0,0
Belarus,BLR,1989,,,0.052,0,0,,0,0
Belarus,BLR,1990,,,0.051,0,0,,0,0
Belarus,BLR,1991,,,0.046,0,0,,0,0
Belarus,BLR,1992,,,0.045,0,0,,0,0
Belarus,BLR,1993,,,0.057,0,0,,0,0
Belarus,BLR,1994,,,0.061,0,0,,0,0
Belarus,BLR,1995,,,0.08,0,0,,0,0
Belarus,BLR,1996,,,0.067,0,0,,0,0
Belarus,BLR,1997,,,0.081,0,0,,0,0
Belarus,BLR,1998,,,0.119,0,0,,0,0
Belarus,BLR,1999,,,0.072,0,0,,0,0
Belgium,BEL,1990,24.314,7.697,0.384,0,0.014,6.416,60.777,0.398
Belgium,BEL,1991,23.191,8.737,0.323,0,0.014,7.108,60.205,0.421
Belgium,BEL,1992,22.417,9.339,0.476,0,0.014,6.525,60.851,0.378
Belgium,BEL,1993,23.259,9.717,0.357,0,0.014,6.464,59.832,0.357
Belgium,BEL,1994,23.802,11.592,0.491,0,0.014,6.812,56.939,0.35
Belgium,BEL,1995,22.47,13.847,0.462,0,0.014,6.515,56.257,0.435
Belgium,BEL,1996,20.695,14.653,0.319,0,0.013,6.228,57.679,0.413
Belgium,BEL,1997,17.655,14.818,0.398,0,0.013,5.881,60.876,0.36
Belgium,BEL,1998,17.286,18.321,0.475,0,0.012,7.224,56.243,0.439
Belgium,BEL,1999,11.923,23.066,0.408,0,0.012,5.194,58.798,0.6
Belgium,BEL,2000,15.606,19.302,0.556,0,0.024,5.653,58.171,0.688
Belgium,BEL,2001,12.641,20.069,0.56,0,0.051,6.969,58.947,0.763
Belgium,BEL,2002,12.392,22.078,0.445,0,0.074,5.609,58.512,0.89
Belgium,BEL,2003,11.535,25.859,0.299,0,0.108,4.475,56.695,1.029
Belgium,BEL,2004,11.035,24.168,0.386,0,0.169,5.933,57.055,1.254
Belgium,BEL,2005,9.75,25.565,0.345,0,0.273,5.577,56.599,1.891
Belgium,BEL,2006,8.246,26.472,0.433,0,0.445,5.562,56.157,2.684
Belgium,BEL,2007,7.475,28.489,0.451,0.012,0.566,4.286,55.719,3.004
Belgium,BEL,2008,6.702,29.115,0.495,0.048,0.773,3.816,55.03,4.021
Belgium,BEL,2009,5.777,32.62,0.368,0.19,1.115,2.866,52.66,4.405
Belgium,BEL,2010,4.522,33.208,0.334,0.603,1.389,3.607,51.621,4.716
Belgium,BEL,2011,3.908,28.568,0.225,1.314,2.594,4.031,54.161,5.199
Belgium,BEL,2012,4.164,28.952,0.442,2.641,3.378,4.496,49.49,6.437
Belgium,BEL,2013,3.683,25.453,0.465,3.231,4.479,4.356,52.178,6.155
Belgium,BEL,2014,2.946,27.262,0.409,4.074,6.513,5.075,47.505,6.217
Belgium,BEL,2015,3.039,32.325,0.47,4.492,8.177,5.109,38.315,8.074
Belgium,BEL,2016,0.465,26.298,0.441,3.692,6.455,4.431,51.834,6.384
Belgium,BEL,2017,0.106,27.105,0.318,3.897,7.677,4.462,49.723,6.711
Belgium,BEL,2018,0.122,32.631,0.394,5.305,10.297,4.992,38.901,7.359
Belgium,BEL,2019,0.098,27.671,0.325,4.605,10.563,3.998,47.151,5.59
Belgium,BEL,2020,0.091,30.487,0.307,5.817,14.526,3.575,39.196,6
Belgium,BEL,2021,0.081,22.486,0.345,5.591,12.745,3.298,50.299,5.155
Belgium,BEL,1985,,,0.501,0,0,,60.363,0.092
Belgium,BEL,1986,,,0.585,0,0,,67.138,0.203
Belgium,BEL,1987,,,0.677,0,0.009,,66.228,0.224
Belgium,BEL,1988,,,0.549,0,0.012,,65.957,0.275
Belgium,BEL,1989,,,0.452,0,0.01,,61.02,0.283
Belize,BLZ,2000,0,0,50,0,0,38.889,0,11.111
Belize,BLZ,2001,0,0,64.286,0,0,28.571,0,7.143
Belize,BLZ,2002,0,0,56.25,0,0,31.25,0,12.5
Belize,BLZ,2003,0,0,35.294,0,0,58.824,0,5.882
Belize,BLZ,2004,0,0,37.5,0,0,56.25,0,6.25
Belize,BLZ,2005,0,0,41.176,0,0,52.941,0,5.882
Belize,BLZ,2006,0,0,78.261,0,0,17.391,0,4.348
Belize,BLZ,2007,0,0,75,0,0,20.833,0,4.167
Belize,BLZ,2008,0,0,90.909,0,0,9.091,0,0
Belize,BLZ,2009,0,0,76,0,0,16,0,8
Belize,BLZ,2010,0,0,53.061,0,0,32.653,0,14.286
Belize,BLZ,2011,0,0,59.524,0,0,28.571,0,11.905
Belize,BLZ,2012,0,0,44.681,0,0,38.298,0,17.021
Belize,BLZ,2013,0,0,57.778,0,0,28.889,0,13.333
Belize,BLZ,2014,0,0,50.98,0,0,33.333,0,15.686
Belize,BLZ,2015,0,0,44.444,0,0,38.889,0,16.667
Belize,BLZ,2016,0,0,49.057,0,0,30.189,0,20.755
Belize,BLZ,2017,0,0,36,0,0,34.667,0,29.333
Belize,BLZ,2018,0,0,31.646,0,0,36.709,0,31.646
Belize,BLZ,2019,0,0,35.714,0,0,44.048,0,20.238
Belize,BLZ,2020,0,0,12.903,0,0,59.677,0,27.419
Benin,BEN,2000,0,0,0,0,0,100,0,0
Benin,BEN,2001,0,0,0,0,0,100,0,0
Benin,BEN,2002,0,0,0,0,0,100,0,0
Benin,BEN,2003,0,0,0,0,0,100,0,0
Benin,BEN,2004,0,0,0,0,0,100,0,0
Benin,BEN,2005,0,0,0,0,0,100,0,0
Benin,BEN,2006,0,0,0,0,0,100,0,0
Benin,BEN,2007,0,0,0,0,0,100,0,0
Benin,BEN,2008,0,0,0,0,0,100,0,0
Benin,BEN,2009,0,0,0,0,0,100,0,0
Benin,BEN,2010,0,0,0,0,0,100,0,0
Benin,BEN,2011,0,0,0,0,0,100,0,0
Benin,BEN,2012,0,0,0,0,0,100,0,0
Benin,BEN,2013,0,0,0,0,0,100,0,0
Benin,BEN,2014,0,0,0,0,0,100,0,0
Benin,BEN,2015,0,0,0,0,0,100,0,0
Benin,BEN,2016,0,0,0,0,0,100,0,0
Benin,BEN,2017,0,0,0,0,0,100,0,0
Benin,BEN,2018,0,0,0,0,0,100,0,0
Benin,BEN,2019,0,0,0,5,0,95,0,0
Benin,BEN,2020,0,0,0,4.348,0,95.652,0,0
Bhutan,BTN,2000,0,0,100,0,0,0,0,0
Bhutan,BTN,2001,0,0,100,0,0,0,0,0
Bhutan,BTN,2002,0,0,100,0,0,0,0,0
Bhutan,BTN,2003,0,0,100,0,0,0,0,0
Bhutan,BTN,2004,0,0,100,0,0,0,0,0
Bhutan,BTN,2005,0,0,100,0,0,0,0,0
Bhutan,BTN,2006,0,0,100,0,0,0,0,0
Bhutan,BTN,2007,0,0,100,0,0,0,0,0
Bhutan,BTN,2008,0,0,100,0,0,0,0,0
Bhutan,BTN,2009,0,0,100,0,0,0,0,0
Bhutan,BTN,2010,0,0,100,0,0,0,0,0
Bhutan,BTN,2011,0,0,100,0,0,0,0,0
Bhutan,BTN,2012,0,0,100,0,0,0,0,0
Bhutan,BTN,2013,0,0,100,0,0,0,0,0
Bhutan,BTN,2014,0,0,100,0,0,0,0,0
Bhutan,BTN,2015,0,0,100,0,0,0,0,0
Bhutan,BTN,2016,0,0,100,0,0,0,0,0
Bhutan,BTN,2017,0,0,100,0,0,0,0,0
Bhutan,BTN,2018,0,0,100,0,0,0,0,0
Bhutan,BTN,2019,0,0,100,0,0,0,0,0
Bhutan,BTN,2020,0,0,100,0,0,0,0,0
Bolivia,BOL,2000,0,44.562,51.724,0,0,0,0,3.714
Bolivia,BOL,2001,0,41.71,54.663,0,0,0,0,3.627
Bolivia,BOL,2002,0,42.469,53.827,0,0,0,0,3.704
Bolivia,BOL,2003,0,48.804,47.129,0,0,0,0,4.067
Bolivia,BOL,2004,0,40.275,48.741,0,0,0,0,10.984
Bolivia,BOL,2005,0,46.055,41.365,0,0,0,0,12.58
Bolivia,BOL,2006,0,45.58,42.043,0,0,0,0,12.377
Bolivia,BOL,2007,0,40.217,41.667,0,0,0,0,18.116
Bolivia,BOL,2008,0,40.714,40.893,0,0,0,0,18.393
Bolivia,BOL,2009,0,44.915,38.475,0,0,0,0,16.61
Bolivia,BOL,2010,0,48.602,33.54,0,0,0,0,17.857
Bolivia,BOL,2011,0,48.401,33.721,0,0,0,0,17.878
Bolivia,BOL,2012,0,56.849,31.918,0,0,0,0,11.233
Bolivia,BOL,2013,0,57.03,32.983,0,0,0,0,9.987
Bolivia,BOL,2014,0,58.416,27.599,0.124,0.124,0,0,13.738
Bolivia,BOL,2015,0,57.193,28.306,0,0.116,0,0,14.385
Bolivia,BOL,2016,0,63.431,19.187,0.113,0.451,0,0,16.817
Bolivia,BOL,2017,0,59.389,24.127,0.109,0.655,0,0,15.721
Bolivia,BOL,2018,0,54.246,27.495,1.38,0.637,0,0,16.242
Bolivia,BOL,2019,0,59.96,32.232,1.902,0.701,0,0,5.205
Bolivia,BOL,2020,0,60.955,30.53,2.596,0.623,0,0,5.296
Bolivia,BOL,2021,0,59.113,31.051,3.375,1.061,0,0,5.4
Bosnia and Herzegovina,BIH,2000,49.851,0,50.149,0,0,0,0,0
Bosnia and Herzegovina,BIH,2001,50,0,50,0,0,0,0,0
Bosnia and Herzegovina,BIH,2002,49.856,0,50.144,0,0,0,0,0
Bosnia and Herzegovina,BIH,2003,58.78,0,41.22,0,0,0,0,0
Bosnia and Herzegovina,BIH,2004,51.713,0,48.287,0,0,0,0,0
Bosnia and Herzegovina,BIH,2005,51.111,0,48.889,0,0,0,0,0
Bosnia and Herzegovina,BIH,2006,54.688,0,45.312,0,0,0,0,0
Bosnia and Herzegovina,BIH,2007,64.894,0,35.106,0,0,0,0,0
Bosnia and Herzegovina,BIH,2008,66.008,0,33.992,0,0,0,0,0
Bosnia and Herzegovina,BIH,2009,58.91,0,41.09,0,0,0,0,0
Bosnia and Herzegovina,BIH,2010,51.818,0,48.182,0,0,0,0,0
Bosnia and Herzegovina,BIH,2011,70.233,0,29.767,0,0,0,0,0
Bosnia and Herzegovina,BIH,2012,68.973,0,31.027,0,0,0,0,0
Bosnia and Herzegovina,BIH,2013,56.623,0,42.721,0,0,0.656,0,0
Bosnia and Herzegovina,BIH,2014,61.33,0,37.96,0,0,0.71,0,0
Bosnia and Herzegovina,BIH,2015,62.567,0,36.698,0,0,0.735,0,0
Bosnia and Herzegovina,BIH,2016,66.274,0,32.902,0.118,0,0.647,0,0.059
Bosnia and Herzegovina,BIH,2017,74.774,0,24.256,0.129,0,0.776,0,0.065
Bosnia and Herzegovina,BIH,2018,63.816,0,34.814,0.11,0.548,0.658,0,0.055
Bosnia and Herzegovina,BIH,2019,61.511,0,36.091,0.18,1.499,0.6,0,0.12
Bosnia and Herzegovina,BIH,2020,62.065,0,35.383,0.29,1.508,0.638,0,0.116
Bosnia and Herzegovina,BIH,2021,55.692,0,41.127,0.279,2.176,0.614,0,0.112
Botswana,BWA,2000,100,0,0,0,0,0,0,0
Botswana,BWA,2001,100,0,0,0,0,0,0,0
Botswana,BWA,2002,100,0,0,0,0,0,0,0
Botswana,BWA,2003,100,0,0,0,0,0,0,0
Botswana,BWA,2004,100,0,0,0,0,0,0,0
Botswana,BWA,2005,100,0,0,0,0,0,0,0
Botswana,BWA,2006,100,0,0,0,0,0,0,0
Botswana,BWA,2007,100,0,0,0,0,0,0,0
Botswana,BWA,2008,100,0,0,0,0,0,0,0
Botswana,BWA,2009,65.854,0,0,0,0,34.146,0,0
Botswana,BWA,2010,66,0,0,0,0,34,0,0
Botswana,BWA,2011,44.444,0,0,0,0,55.556,0,0
Botswana,BWA,2012,45.455,0,0,0,0,54.545,0,0
Botswana,BWA,2013,73.256,0,0,0,0,26.744,0,0
Botswana,BWA,2014,82.028,0,0,0,0,17.972,0,0
Botswana,BWA,2015,82.079,0,0,0,0,17.921,0,0
Botswana,BWA,2016,82.143,0,0,0,0,17.857,0,0
Botswana,BWA,2017,82.042,0,0,0,0,17.958,0,0
Botswana,BWA,2018,82.095,0,0,0,0,17.905,0,0
Botswana,BWA,2019,81.967,0,0,0,0,18.033,0,0
Botswana,BWA,2020,81.951,0,0,0,0,18.049,0,0
Brazil,BRA,1985,2.553,0,92.097,0,0,2.021,1.746,1.584
Brazil,BRA,1986,3.06,0,90.249,0,0,5.04,0.071,1.58
Brazil,BRA,1987,2.661,0,91.28,0,0,3.828,0.479,1.754
Brazil,BRA,1988,2.193,0.002,92.622,0,0,3.346,0.283,1.554
Brazil,BRA,1989,2.457,0.097,92.311,0,0,2.774,0.825,1.535
Brazil,BRA,1990,2.074,0.146,92.769,0,0,2.275,1.004,1.732
Brazil,BRA,1991,2.361,0.159,92.92,0,0,2.238,0.615,1.706
Brazil,BRA,1992,2.071,0.161,92.381,0,0,2.62,0.728,2.039
Brazil,BRA,1993,1.948,0.154,93.279,0,0,2.466,0.175,1.978
Brazil,BRA,1994,1.911,0.184,93.333,0,0,2.477,0.021,2.072
Brazil,BRA,1995,1.975,0.203,92.128,0,0,2.751,0.914,2.03
Brazil,BRA,1996,2.069,0.334,91.242,0,0.001,3.202,0.833,2.318
Brazil,BRA,1997,2.374,0.382,90.581,0,0.001,3.237,1.029,2.396
Brazil,BRA,1998,2.167,0.411,90.589,0,0.002,3.484,1.015,2.333
Brazil,BRA,1999,3.012,0.793,87.534,0,0.001,4.97,1.188,2.502
Brazil,BRA,2000,3.112,1.121,87.968,0,0,4.195,1.442,2.163
Brazil,BRA,2001,3.357,2.893,82.062,0,0.012,4.638,4.416,2.621
Brazil,BRA,2002,2.648,3.444,83.232,0,0.018,3.753,4.067,2.839
Brazil,BRA,2003,2.497,3.458,84.302,0,0.017,2.856,3.734,3.137
Brazil,BRA,2004,2.702,4.772,83.32,0,0.016,3.056,3.043,3.09
Brazil,BRA,2005,2.732,4.473,84.423,0,0.023,2.792,2.325,3.232
Brazil,BRA,2006,2.551,4.178,83.83,0,0.058,2.835,3.151,3.396
Brazil,BRA,2007,2.42,3.331,84.697,0,0.146,2.859,2.665,3.882
Brazil,BRA,2008,2.567,6.05,80.464,0,0.185,3.671,2.905,4.159
Brazil,BRA,2009,2.15,2.771,84.392,0,0.27,2.998,2.664,4.755
Brazil,BRA,2010,2.2,6.877,78.788,0,0.43,2.964,2.717,6.023
Brazil,BRA,2011,2.411,4.599,81.063,0,0.516,2.6,2.829,5.982
Brazil,BRA,2012,2.61,8.272,75.741,0.002,0.93,3.323,2.794,6.327
Brazil,BRA,2013,3.819,11.808,69.199,0,1.176,4.367,2.619,7.011
Brazil,BRA,2014,4.521,13.428,63.992,0.003,2.113,5.641,2.503,7.798
Brazil,BRA,2015,4.607,13.366,62.626,0.011,3.803,4.757,2.442,8.388
Brazil,BRA,2016,4.407,9.529,66.394,0.016,5.896,2.463,2.636,8.659
Brazil,BRA,2017,4.26,10.842,63.587,0.144,7.337,2.513,2.572,8.747
Brazil,BRA,2018,3.825,8.831,65.15,0.585,8.2,1.964,2.651,8.793
Brazil,BRA,2019,3.796,9.382,64.096,1.084,9.111,1.53,2.477,8.525
Brazil,BRA,2020,3.384,8.325,65.835,1.728,9.172,1.111,2.259,8.186
Brazil,BRA,2021,4.153,12.23,58.054,1.949,11.279,2.392,2.297,7.646
British Virgin Islands,VGB,2000,0,0,0,0,0,100,0,0
British Virgin Islands,VGB,2001,0,0,0,0,0,100,0,0
British Virgin Islands,VGB,2002,0,0,0,0,0,100,0,0
British Virgin Islands,VGB,2003,0,0,0,0,0,100,0,0
British Virgin Islands,VGB,2004,0,0,0,0,0,100,0,0
British Virgin Islands,VGB,2005,0,0,0,0,0,100,0,0
British Virgin Islands,VGB,2006,0,0,0,0,0,100,0,0
British Virgin Islands,VGB,2007,0,0,0,0,0,100,0,0
British Virgin Islands,VGB,2008,0,0,0,0,0,100,0,0
British Virgin Islands,VGB,2009,0,0,0,0,0,100,0,0
British Virgin Islands,VGB,2010,0,0,0,0,0,100,0,0
British Virgin Islands,VGB,2011,0,0,0,0,0,100,0,0
British Virgin Islands,VGB,2012,0,0,0,0,0,100,0,0
British Virgin Islands,VGB,2013,0,0,0,0,0,100,0,0
British Virgin Islands,VGB,2014,0,0,0,0,0,100,0,0
British Virgin Islands,VGB,2015,0,0,0,0,0,100,0,0
British Virgin Islands,VGB,2016,0,0,0,0,0,100,0,0
British Virgin Islands,VGB,2017,0,0,0,0,0,100,0,0
British Virgin Islands,VGB,2018,0,0,0,0,0,100,0,0
British Virgin Islands,VGB,2019,0,0,0,0,0,100,0,0
British Virgin Islands,VGB,2020,0,0,0,0,0,100,0,0
Brunei,BRN,2000,0,0,0,0,0,100,0,0
